5.799999999999999600e-01
3.040781440781440415e-01
4.084415584415584943e-01
2.857142857142857054e-02
3.333333333333333287e-02
2.333333333333333370e-01
2.115384615384615641e-01
5.584415584415585165e-01
0.000000000000000000e+00
0.000000000000000000e+00
4.066666666666666763e-01
3.026143790849673554e-01
2.477411477411477492e-01
2.493939393939393900e-01
7.176190476190477119e-01
7.100000000000000755e-01
1.833333333333333481e-01
2.232034632034632093e-01
0.000000000000000000e+00
2.723809523809523903e-01
2.861538461538462030e-01
1.230158730158730090e-01
6.500000000000000222e-02
0.000000000000000000e+00
3.225174825174825233e-01
4.000000000000000083e-02
3.466666666666667340e-01
2.128205128205128416e-01
3.712121212121212155e-01
1.733333333333333393e-01
3.520146520146519853e-01
3.099999999999999978e-01
5.000000000000000278e-02
2.617207792207792427e-01
4.788235294117647589e-01
0.000000000000000000e+00
